  0.396608114    
  0.897073984    
   3.46368861    
   3.09318447    
   1.08731675    
   5.91860580    
   4.18480444    
   2.22633338    
   1.73413491    
   4.19433928    
   10.2843132    
   3.55715179    
   7.05034208    
   14.0054150    
   13.4899273    
   7.52578259    
   16.8014622    
   15.5697260    
   15.9419765    
   19.8992138    
   10.9648247    
   21.8125744    
   3.17729330    
   10.0463085    
  0.897972584    
   12.2851753    
   12.0123587    
   9.63780212    
   24.5134411    
   11.6743031    
   1.56330609    
   12.1914692    
   9.93076134    
   33.1119232    
   24.6644955    
   35.3060837    
   3.26565170    
   36.7911148    
   16.7139091    
   33.7171593    
   30.2062664    
   5.12492990    
   13.5570841    
   17.3970222    
   14.9383659    
   14.0297136    
   30.3456631    
   25.2891693    
   9.80867004    
   36.6981621    
   15.7234135    
   11.4762344    
   3.77270293    
   22.6294289    
   38.6649361    
   50.1490822    
   56.9025803    
   9.11072254    
   38.8281517    
   35.3685036    
   41.5357208    
   57.2423782    
   58.0925789    
   13.8470745    
   52.5892715    
   34.7567978    
   4.77891064    
   3.84795761    
   21.0063210    
   5.44353867    
   17.5472279    
   35.8200607    
   22.8802757    
   6.13429594    
   51.8306236    
   69.3007736    
   5.02746201    
   2.27260113    
   14.5614176    
   39.9730530    
   26.7888050    
   10.0614662    
   32.0172195    
   1.59840250    
   42.5200348    
   7.77511120    
   11.2079258    
   17.9717770    
   76.4534378    
   76.0670166    
   74.1534348    
   86.1787643    
   76.3248138    
   24.1519947    
   57.2865219    
   58.8796768    
   30.2807121    
   81.6593704    
   44.2737312    
   11.9934340    
   79.8528595    
   55.7601433    
   58.1963081    
   10.5573177    
   21.0693130    
   103.072388    
   13.9843378    
   98.5520325    
   5.31313848    
   89.8562469    
   108.376694    
   52.6361504    
   93.6486130    
   85.1091995    
   10.5164509    
   96.0045471    
   37.0107689    
   63.1511040    
   113.861717    
   98.5175858    
   54.1388206    
   92.4109344    
   30.9123955    
  0.826183319    
   89.9326935    
   28.2108231    
   86.9009552    
   22.7345657    
   17.2215977    
   85.2209244    
   130.323608    
   20.0058670    
   111.886269    
   53.3677254    
   100.362823    
   113.717644    
   91.6042633    
   60.7425880    
   99.6261292    
   89.1271667    
   135.203674    
   96.5682907    
   124.907585    
   99.4123306    
   54.5558319    
   129.869629    
   54.0160522    
   11.1100216    
   58.2937813    
   79.7425613    
   3.39915109    
   110.671738    
   114.797607    
   88.7812653    
   72.6276245    
   78.2216034    
   52.1571350    
   97.8057556    
   81.1237946    
   113.511436    
   107.096024    
   127.337204    
   101.412598    
   144.134125    
   164.826309    
   17.8737812    
   143.426666    
   29.0529861    
   168.211823    
   64.6867981    
   77.8986588    
   39.9920959    
   67.1774216    
   41.1305542    
   158.756882    
   108.645393    
   131.161926    
   166.155365    
   31.0234585    
   84.6950531    
   67.4914169    
   98.0475540    
   105.829529    
   93.4608307    
   71.1901550    
   135.873306    
   166.273010    
   54.3865128    
   158.641556    
   165.479248    
   166.606171    
   37.3451424    
   166.601196    
   131.782959    
   22.1294384    
   180.307205    
   56.5577545    
   153.551132    
   128.887375    
   176.955246    
   13.7335119    
   61.9395866    
   142.519302    
   160.457397    
   138.771576    
   179.676193    
   37.6579971    
   133.957474    
   45.9908447    
   182.431015    
   163.265961    
   9.74780369    
   59.9169960    
   207.635345    
   176.703033    
   201.083878    
   93.5078278    
   85.1840134    
   198.639603    
   119.202805    
   190.032425    
   180.508865    
   191.666489    
   121.691437    
   118.397377    
   5.36240149    
   173.709915    
   107.307236    
   10.5787907    
   112.575302    
   91.7920456    
   179.673752    
   188.567230    
   13.2018147    
   71.4087677    
   119.799423    
   26.9005508    
   4.84891510    
   125.994408    
   21.6198311    
   130.198547    
   122.880806    
   100.703911    
   213.507233    
   25.2284966    
   137.050003    
   176.650635    
   180.696259    
   126.704613    
   82.3335800    
   251.573029    
   101.701958    
   18.0550041    
   165.106049    
   209.988602    
   193.649063    
   93.8127518    
   51.7955513    
   165.341858    
   228.617233    
   96.2277527    
   184.260223    
   53.7939529    
   190.945236    
   45.2321434    
   190.604050    
   201.105530    
   170.896957    
   62.6470528    
   96.7950211    
   23.8155041    
   35.5033798    
   159.795944    
   53.9277115    
   86.4971161    
   205.855499    
   55.3042946    
   163.155487    
   24.5507107    
   110.960754    
   259.820221    
   219.848755    
   61.7803879    
   257.364044    
   57.3626556    
   117.238106    
   93.4389648    
   148.032410    
   232.654770    
   255.175766    
   208.937103    
   219.753845    
   241.569992    
   235.052048    
   6.21727085    
   81.1379166    
   185.221817    
   124.927025    
   116.761635    
   129.138336    
   72.6644745    
   246.391907    
   195.523422    
   109.755119    
   52.0153313    
   85.4272308    
   158.516769    
   171.744888    
   201.605637    
   261.231903    
   112.724594    
   251.795044    
   98.2763596    
   288.175354    
   156.936218    
   180.664536    
   292.957031    
   257.397797    
   267.166687    
   145.825943    
   35.4791679    
   102.074181    
   115.219704    
   60.6132545    
   149.536819    
   100.598213    
   280.915039    
   116.824265    
   94.8618393    
   74.2762985    
   265.686279    
   324.546051    
   246.580750    
   271.039856    
  0.552463055    
   1.85138679    
   86.3763580    
   183.962738    
   223.816254    
   234.317917    
   110.934189    
   46.4394836    
   24.6835365    
   201.640167    
   174.821915    
   5.65297031    
   46.4249344    
   8.99381447    
   259.964386    
   235.460464    
   74.7761383    
   308.065369    
   315.411743    
   252.310120    
   212.686356    
   196.009109    
   160.522079    
   172.261658    
   198.076340    
   170.305054    
   124.617271    
   262.083069    
   228.470154    
   232.649551    
   222.279892    
   358.087616    
   228.126724    
   334.166107    
   172.845642    
   112.525703    
   303.699585    
   201.009064    
   280.717407    
   235.251694    
   335.438934    
   63.2003555    
   306.661102    
   315.992706    
   34.0278053    
   199.501389    
   34.0457840    
   198.543839    
   270.083130    
   27.4703197    
   3.73042488    
   331.681549    
   365.248291    
   351.820038    
   133.439102    
   156.370972    
   195.572433    
   10.9722729    
   224.397720    
   35.8923683    
   177.546783    
   129.138092    
   147.518173    
   27.1389389    
   351.141479    
   130.018097    
   373.098816    
   241.564056    
   143.724136    
   31.5667572    
   372.055420    
   56.0991249    
   277.917480    
   92.5745621    
   368.100189    
   330.684540    
   249.658997    
   173.380890    
   399.656036    
   302.614594    
   288.651978    
   241.374268    
   220.354279    
   174.033997    
   73.7279282    
   36.0688782    
   350.191681    
   195.256073    
   258.166107    
   315.015900    
   319.120422    
   336.432770    
   244.131378    
   198.004715    
   80.5744476    
   44.7280426    
   240.540329    
   359.210785    
   316.565704    
   184.003036    
   351.436676    
   138.132278    
   7.64506721    
   135.666504    
   252.787598    
   128.122437    
   322.627747    
   281.026489    
   437.107361    
   218.050812    
   231.744171    
   41.5825005    
   180.352921    
   337.802277    
   229.979965    
   373.046021    
   92.6599045    
   371.855011    
   4.60738373    
   86.5451279    
   307.263275    
   418.058350    
   240.045624    
   348.618652    
   339.648132    
   310.869446    
   197.294174    
   42.7956505    
   178.017029    
   430.176819    
   99.2668304    
   374.938110    
   97.1195068    
   59.0792198    
   467.510925    
   112.843323    
   351.163940    
   429.922241    
   236.179916    
   79.2045288    
   169.525757    
   280.505219    
   151.768600    
   227.783325    
   92.7559586    
   387.647186    
   410.118988    
   126.196373    
   368.351959    
   450.880615    
   398.437317    
   370.575958    
   136.723297    
   335.714355    
  0.703183413    
   22.9211006    
   125.254349    
   213.189468    
   418.232208    
   90.9651871    
   235.074463    
   445.649628    
   211.260269    
   274.485626    
   155.443695    
   333.155762    
   243.068268    
   270.587097    
   251.743607    
   12.8908110    
   162.014771    
   194.388840    
   375.069458    
   441.770874    
   326.909821    
   349.417847    
   44.8339615    
   502.947021    
   462.243774    
   144.181519    
   430.930786    
   334.384888    
   459.642456    
   118.505241    
   140.802078    
   331.713257    
   34.1182327    
   413.725616    
   265.180603    
   490.820374    
   395.984375    
   140.284729    
   325.876190    
   293.363129    
   72.4165726    
   48.3619881    
   472.070374    
   51.1522484    
   185.908936    
   159.081451    
   47.1050797    
   151.295547    
   76.6450195    
   350.752625    
   324.801727    
   145.927567    
   64.7893982    
   329.519226    
   244.409531    
   446.874054    
   385.658081    
   178.768555    
   388.866241    
   121.608284    
   163.473251    
   5.80740118    
   163.339478    
   375.034332    
   374.815308    
   363.504700    
   329.049255    
   270.752960    
   296.336517    
   74.2793274    
   90.5228958    
   475.374786    
   197.634384    
   172.557190    
   375.585480    
   243.126465    
   357.347107    
   238.978439    
   87.0329742    
   231.271362    
   148.797180    
   375.802948    
   512.170166    
   448.695343    
   491.239838    
   125.931114    
   299.353851    
   215.676727    
   299.353973    
   245.498749    
   254.295090    
   549.353088    
   493.588562    
   273.051697    
   561.053955    
   461.568146    
   133.020981    
   202.767868    
   324.262482    
   535.978333    
   206.113098    
   390.608673    
   207.735046    
   98.7589493    
   249.146164    
   326.270477    
   39.7562027    
   593.683105    
   128.150665    
   321.044891    
   558.651123    
   143.575531    
   489.088531    
   581.728516    
   29.4317570    
   199.783310    
   531.115295    
   216.611252    
   500.067810    
   464.175323    
   207.268036    
   554.218689    
   431.371002    
   575.056885    
   99.7706833    
   70.1624680    
   217.498444    
   420.358490    
   263.326111    
   603.929749    
   501.898804    
   399.137726    
   486.150665    
   384.315521    
   483.347748    
   246.059402    
   146.286606    
   448.287872    
   326.713776    
   28.7299862    
   275.115875    
   370.500427    
   437.235046    
   484.137085    
   377.267639    
   261.862122    
   358.804596    
   399.157806    
   522.641541    
   399.550751    
   428.223541    
   522.157898    
   547.214722    
   287.050690    
   60.0775719    
   164.764084    
   640.128540    
   474.488556    
   378.074921    
   432.391022    
   294.400940    
   584.291016    
   224.377960    
   260.116241    
   177.324661    
   435.985535    
   322.953003    
   565.199097    
   366.122131    
   92.1269913    
   540.776428    
   203.214432    
   537.867493    
   269.068970    
   219.769730    
   441.739685    
   636.223145    
   638.142212    
   597.863098    
   140.917145    
   617.755981    
   337.533356    
   76.9544296    
   525.906189    
   119.341682    
   182.914520    
   263.814667    
   490.085663    
   336.160614    
   482.708496    
   5.16582489    
   29.6286831    
   120.506218    
   434.992828    
   430.501404    
   472.857269    
   337.012482    
   48.1519699    
   626.607544    
   338.162689    
   180.635910    
   576.836975    
   82.3873520    
   118.589272    
   503.098297    
   350.515564    
   509.953766    
   107.093758    
   650.703918    
   18.2815781    
   421.787689    
   228.291016    
   51.5656013    
   297.918762    
   207.818222    
   170.586319    
   582.806030    
   30.8550682    
   452.426270    
   93.3423309    
   227.196960    
   391.256531    
   459.499542    
   148.706940    
   539.204712    
   239.720627    
   186.160843    
   42.5668602    
   2.76601696    
   343.154938    
   115.353905    
   194.389038    
   176.283920    
   490.347687    
   263.856689    
   190.413864    
   330.437378    
   536.983337    
   8.25453281    
   497.630981    
   693.415710    
   120.428864    
   530.778381    
   268.275146    
   258.048828    
   296.242218    
   500.551392    
   193.433365    
   266.396576    
   370.534851    
   344.397705    
   508.116150    
   1.58588290    
   608.595398    
   121.231247    
   573.637695    
   729.315857    
   334.600311    
   591.828674    
   253.587555    
   687.953491    
   495.357544    
   67.7662354    
   396.163513    
   262.344635    
   117.901611    
   678.215515    
   391.115112    
   216.999329    
   708.464844    
   277.192444    
   145.971680    
   315.943787    
   46.0411491    
   417.945465    
   481.366821    
   276.449615    
   395.035919    
   479.214264    
   620.267212    
   342.598083    
   763.220459    
   515.295776    
   660.270203    
   736.699646    
   629.470032    
   174.575546    
   760.055786    
   131.717468    
   315.614807    
   598.048828    
   389.740448    
   745.773987    
   205.649368    
   389.137268    
   428.549103    
   324.397766    
   410.169403    
   705.831909    
   414.013580    
   526.060974    
   306.411438    
   560.139282    
   518.609558    
   651.459473    
   214.524139    
   12.2058964    
   18.1553249    
   543.932983    
   333.260315    
   219.624512    
   562.408691    
   14.0210819    
   752.958496    
   718.323853    
   180.952332    
   297.876526    
   350.937286    
   26.0846825    
   677.378113    
   531.753784    
   401.256592    
   624.510803    
   105.996780    
   88.7885284    
   283.556519    
   497.389648    
   577.300415    
   462.132019    
   683.494080    
   141.825272    
   552.536804    
   669.778564    
   630.445862    
   391.124084    
   645.965515    
   776.026611    
   620.115479    
   339.894836    
   94.6187286    
   226.257248    
   401.314056    
   619.411438    
   32.6796684    
   385.947754    
   340.335205    
   270.602417    
   139.715454    
   453.687195    
   31.6441021    
   499.637573    
   224.363602    
   817.274597    
   742.120544    
   683.175659    
   319.348969    
   186.308029    
   209.725494    
   294.308746    
   457.486237    
   562.702637    
   488.602142    
   236.751450    
   778.068237    
   129.281921    
   30.6169548    
   532.574829    
   101.429672    
   457.665649    
   228.685425    
   125.283958    
   357.922485    
   16.8249950    
   143.152679    
   242.231735    
   350.327820    
   103.552231    
   285.818390    
   746.470276    
   521.684021    
   253.573929    
   114.016670    
   372.639374    
   724.932922    
   496.477234    
   578.755127    
   794.129395    
   173.539185    
   525.175720    
   446.503754    
   31.4421692    
   846.938782    
   817.609314    
   602.856262    
   134.990616    
   317.221649    
   214.692291    
   642.838867    
   302.761810    
   387.828339    
   5.24841690    
   67.9592133    
   42.8924522    
   739.586609    
   8.14484978    
   790.726440    
   538.758850    
   637.713257    
   416.385803    
   196.345215    
   66.9493027    
   614.578491    
   186.305756    
   701.651978    
   842.835999    
   801.498413    
   284.099854    
   162.648209    
   396.854218    
   751.697876    
   402.592621    
   757.620667    
   231.737305    
   417.546631    
   666.517090    
   846.050903    
   860.370605    
   277.221649    
   375.303070    
   106.893768    
   649.954224    
   741.518066    
   409.238068    
   719.283386    
   742.295593    
   473.402252    
   211.613724    
   53.8406830    
   660.437256    
   63.2445831    
   24.9960823    
   664.359070    
   833.484985    
   213.786423    
   517.913879    
   150.387833    
   469.979675    
   144.201309    
   282.635651    
   277.520660    
   596.997375    
   316.422516    
   591.237671    
   932.090576    
   369.455872    
   34.1585274    
   356.395386    
   914.500122    
   48.5705185    
   138.987869    
   806.204895    
   944.132507    
   517.018066    
   498.325195    
   79.8629608    
   295.990723    
   353.193970    
   38.7862625    
   911.410767    
   44.3200989    
   608.553406    
   653.367798    
   320.365753    
   337.637512    
   230.275925    
   783.750122    
   236.905121    
   611.129150    
   343.819855    
   616.964478    
   397.836243    
   944.242188    
   844.536926    
   262.019958    
   410.417542    
   957.820251    
   569.324890    
   525.552124    
   229.494720    
   865.427002    
   51.6667824    
   774.015930    
   120.125015    
   924.066895    
   15.7140207    
   141.366211    
   166.716919    
   175.754913    
   207.378433    
   792.947083    
   953.464050    
   838.571472    
   38.5633469    
   302.255096    
   410.323059    
   57.3248482    
   668.246155    
   653.250977    
   579.338318    
   351.317963    
   931.750854    
   574.229370    
   227.464355    
